   1 28 102 162 233 360 393 460 500
   2 79 434
   3 165 209 257
   4 44 202 212 279 399 441
   5 36 93 95 146 231 304 450
   6 8 173 246 265 302 496
   7 170 203 215 420
   8 6 89 246 272 302 346 465 496
   9 256 363 462 479
  10 34 117 161 316 447 449 481
  11 32 277 437 478
  12 390
  13 20 38 143 294 358 365 473
  14 194 228 241 359 458 468
  15 112 130 444
  16 106 119 140 148 405
  17 63 229 363
  18 252 273 305 307 376 497 499
  19 195 242 439
  20 13 21 38 115 122 131 294 365 396 474
  21 20 26 38 131 211 294 358 365 396 400 471 474
  22 71 103 252 305 307 404 416 499
  23 116 349 397 411 442
  24 63 165 198 332 417 432 479 480
  25 111 239 264 356 373 469
  26 21 38 120 131 211 396 400 471 474
  27 77 138 192 218 446
  28 1 153 162 233 344 345 360 460 500
  29 44 57 166 202 399 414 422 472 486
  30 73 109 142 160
  31 67 91
  32 11 268 277 437 478 494
  33 55 67 91 278 281
  34 10 117 161 316 449 481
  35 163 201 381
  36 5 95 146 191 204 226 231 304 421 450
  37 69 205 285 368 431
  38 13 20 21 26 131 294 358 365 396 471 474
  39 144 189 273 376
  40 47 143 197 206 217 298
  41 68 84 433
  42 48 62
  43 260 267 364 375 394 456
  44 4 29 202 212 399 441
  45 76 105 401 424 451
  46 135 194 300 314 318 468
  47 40 143 206 217 298
  48 42 62
  49 159 310
  50 54 99 188 207 320
  51 282 477
  52 384 388 414
  53 56 128 150 157 196 224 324 334 367
  54 50 99 207 378
  55 33 371
  56 53 128 150 157 215 270 324 334 367
  57 29 166 399 422 467 472 486
  58 132
  59 342 350 352 409 454
  60 183 335 395 418
  61 185 331 382
  62 42 48 137 156 239 254 448
  63 17 24 198 332 417 432 480
  64 97 149 212 220 225 274 441
  65 136 172 208 249 293 381 389 435
  66 430
  67 31 33 91
  68 41 84 167 190 327
  69 37 88 287 328 343 368 431
  70 75 407 485
  71 22 307 416 433
  72 98 108 190 269 296 386
  73 30 109 142 299
  74 87 312 329 436 455
  75 70 155 407 444 485
  76 45
  77 27 138 192 218 446
  78 124 255 323 336 427
  79 2 238 291 311 403 434
  80 482
  81 309
  82 163 201 310 338
  83 89 145 223 237 251 272 346 361 402 490 491
  84 41 68 301
  85 398 480 493
  86 127 247 355
  87 74 329 436 455
  88 69 287 315 328 343
  89 8 83 111 272 346 361 373 465 469
  90 100 227 264 377 447
  91 31 33 67
  92 102 125 357 393
  93 5 95 169 231 450
  94 98 108 180 289
  95 5 36 93 146 191 231 357 450
  96 322 404 473
  97 64 212 225 274 279 419 440 441
  98 72 94 108 190 269 296 386
  99 50 54 207 320
 100 90 161 227 377 447
 101 154 174 243 278 281 443
 102 1 92 125 290 393 500
 103 22 252 305 404
 104 329 379
 105 45 451 475
 106 16 129 133 148 313 392
 107 141 284 286 413
 108 72 94 98 180 301 347 348
 109 30 73
 110 295
 111 25 89 239 272 346 373 465 469
 112 15 130 444 446
 113 178 461 495
 114 154 214 243 248 268 275 494
 115 20 122 211 365 474
 116 23 349 397 411 442
 117 10 34 161 316 447 449 481
 118 264 369
 119 16 148 199 200 370 464
 120 26 131 308 362 400 471
 121 195 240 242 269 386 439
 122 20 115
 123 258 338 398 493
 124 78 323 336 427 488
 125 92 102 169 290
 126 230
 127 86 179 247 355
 128 53 56 150 157 215 270 324 334 367
 129 106 133 148 177 313 392
 130 15 112 434 444
 131 20 21 26 38 120 211 365 396 400 471 474
 132 58 151
 133 106 129 148 177 181 280 317 392
 134 282 285 401 424
 135 46 300 314 318
 136 65 172 208 249 381 435
 137 62 145 156 237 244 251 254 361 402 448 490 491
 138 27 77 192 446
 139 326 433 476
 140 16 405
 141 107 410 413
 142 30 73 299
 143 13 40 47 186 206 298
 144 39 189 226
 145 83 137 237 244 251 254 361 402 448 490 491
 146 5 36 95 191 204 226 231 304 421 450
 147
 148 16 106 119 129 133 181 317 392
 149 64 333
 150 53 56 128 215 334 367
 151 132
 152 238 291 311 403 454 498
 153 28 236 344 345 460
 154 101 114 174 214 243 275 281 443
 155 75 407 444 485
 156 62 137 237 239 251 254 361 402 448 490
 157 53 56 128 196 224 324 334 367
 158 297
 159 49 310
 160 30 493
 161 10 34 100 117 227 316 377 447 481
 162 1 28 233 360 393 460
 163 35 82 201 310
 164 234 235 425 452 484
 165 3 24 198 257 332 417 432 479
 166 29 57 202 399 414 422 472 486
 167 68 190 327
 168 209 257 341
 169 93 125 263 290
 170 7 203 215 420
 171 188 276 488
 172 65 136 208 222 249 389 435
 173 6 265 302
 174 101 154 243 278 281 443
 175 304 321 366 420 467
 176 250 353 383 412 445
 177 129 133 317
 178 113 245 283 372 426 461 470 495
 179 127 247 355
 180 94 108 348 411
 181 133 148 205 280 317 370 392 459
 182 466
 183 60 335 395
 184 212 220 232 274 408 441
 185 61 331 359 382
 186 143 206 298
 187 299
 188 50 171 320
 189 39 144 273 376
 190 68 72 98 167 296 327
 191 36 95 146 204 226 231 304 421 450
 192 27 77 138 218
 193 340 347 348 438
 194 14 46 248 458 468
 195 19 121 240 242 289 439
 196 53 157 224 324 334 367 440
 197 40 217 303 326
 198 24 63 165 332 417 432 480
 199 119 200 293 389 435 464
 200 119 199 370 464
 201 35 82 163 310 338
 202 4 29 44 166 399 472
 203 7 170 215 270 279 420
 204 36 146 191 226 231 304 421 450
 205 37 181 280 285 317 370 431 459
 206 40 47 143 186 298
 207 50 54 99 410
 208 65 136 172 249 381
 209 3 168 257
 210 219 245 283 288 372 426 429
 211 21 26 115 131 400 463 471 474
 212 4 44 64 97 184 220 225 232 274 408 441
 213 379
 214 114 154 243 268 275 475
 215 7 56 128 150 170 203 270
 216 385 415 439
 217 40 47 197
 218 27 77 192
 219 210 245 283 371 372 426
 220 64 184 212 225 232 274 408 441
 221 457 482
 222 172 389 435
 223 83 361
 224 53 157 196 261 324 334 367 419 440
 225 64 97 212 220 274 419 441
 226 36 144 146 191 204 421
 227 90 100 161 316 377 447 481
 228 14 241 359 458 468
 229 17 315 330 363
 230 126 388
 231 5 36 93 95 146 191 204 304 450
 232 184 212 220 408 441
 233 1 28 162 360 460
 234 164 235 289 425 484
 235 164 234 289 425 452 484
 236 153 344 345 477
 237 83 137 145 156 244 251 254 361 402 448 490 491
 238 79 152 291 311 403 498
 239 25 62 111 156 356
 240 121 195 242 269 289
 241 14 228 359 458
 242 19 121 195 240 269 289
 243 101 114 154 174 214 443 475
 244 137 145 237 251 254 361 402 448 490 491
 245 178 210 219 283 288 371 372 426
 246 6 8 302 373 465 469 496
 247 86 127 179 355
 248 114 194 275 468 494
 249 65 136 172 208 293 343 389 435
 250 176 263 383 445 492
 251 83 137 145 156 237 244 254 361 402 448 490 491
 252 18 22 103 305 307 404 497 499
 253 341 391 487
 254 62 137 145 156 237 244 251 361 402 448 490 491
 255 78 323 336 387 405
 256 9 363 462
 257 3 165 168 209
 258 123 338 398 493
 259 353 412 489 498
 260 43 267 351 456
 261 224 362 440
 262 271 295
 263 169 250 445 492
 264 25 90 118 356 369
 265 6 173 302 496
 266 313 412
 267 43 260 351 456
 268 32 114 214 275 277 437 494
 269 72 98 121 240 242 386
 270 56 128 203 215 279 324 367 419
 271 262 295
 272 8 83 89 111 346 361 373 465 469
 273 18 39 189 376 499
 274 64 97 184 212 220 225 408 441
 275 114 154 214 248 268 494
 276 171
 277 11 32 268 437 478 494
 278 33 101 174 281 371 443
 279 4 97 203 270 419
 280 133 181 205 317 370 392 459
 281 33 101 154 174 278 443
 282 51 134 459 477
 283 178 210 219 245 288 372 426 429 483
 284 107 286 413
 285 37 134 205 431
 286 107 284
 287 69 88 315 328 343 368 431
 288 210 245 283 470 483
 289 94 195 234 235 240 242 484
 290 102 125 169
 291 79 152 238 311 403 434
 292
 293 65 199 249 389 435 464
 294 13 20 21 38 358 365 396 473 474
 295 110 262 271
 296 72 98 190 301 386
 297 158 374 380 428
 298 40 47 143 186 206
 299 73 142 187
 300 46 135 314 318
 301 84 108 296 347 348
 302 6 8 173 246 265 496
 303 197 326 476
 304 5 36 146 175 191 204 231 421 450
 305 18 22 103 252 307 497 499
 306 352 387 489 498
 307 18 22 71 252 305 416 499
 308 120 362 400
 309 81 351
 310 49 82 159 163 201
 311 79 152 238 291 403 434
 312 74 329 455
 313 106 129 266 412
 314 46 135 300 318
 315 88 229 287 328 343
 316 10 34 117 161 227 447 449 481
 317 133 148 177 181 205 280 370 392 459
 318 46 135 300 314
 319
 320 50 99 188
 321 175 366 420 467
 322 96 358 473
 323 78 124 255 336 427
 324 53 56 128 157 196 224 270 334 367 419 440
 325 430
 326 139 197 303 476
 327 68 167 190
 328 69 88 287 315 343
 329 74 87 104 312 436 455
 330 229 398
 331 61 185 382
 332 24 63 165 198 417 432 479 480
 333 149 364
 334 53 56 128 150 157 196 224 324 367
 335 60 183 395
 336 78 124 255 323 427
 337 351 406 453
 338 82 123 201 258
 339 423
 340 193 438
 341 168 253 487
 342 59 350 409
 343 69 88 249 287 315 328
 344 28 153 236 345 460 477
 345 28 153 236 344 460 477
 346 8 83 89 111 272 361 373 465 469
 347 108 193 301 348
 348 108 180 193 301 347
 349 23 116 397 411 442
 350 59 342 409
 351 260 267 309 337 406 456
 352 59 306 454 489
 353 176 259 383 412
 354 390
 355 86 127 179 247 457
 356 25 239 264
 357 92 95
 358 13 21 38 294 322 365 396 473 474
 359 14 185 228 241 461 495
 360 1 28 162 233 393 460 500
 361 83 89 137 145 156 223 237 244 251 254 272 346 402 448 490 491
 362 120 261 308 364
 363 9 17 229 256
 364 43 333 362 456
 365 13 20 21 38 115 131 294 358 396 474
 366 175 321 467
 367 53 56 128 150 157 196 224 270 324 334 419 440
 368 37 69 287 431
 369 118 264
 370 119 181 200 205 280 317
 371 55 219 245 278 372 426
 372 178 210 219 245 283 371 426
 373 25 89 111 246 272 346 465 469
 374 297 380 428
 375 43 394 456
 376 18 39 189 273 499
 377 90 100 161 227 447
 378 54 430
 379 104 213
 380 297 374 428
 381 35 65 136 208
 382 61 185 331
 383 176 250 353 412 445
 384 52 388
 385 216 386 415
 386 72 98 121 269 296 385 415
 387 255 306 489
 388 52 230 384
 389 65 172 199 222 249 293 435
 390 12 354
 391 253
 392 106 129 133 148 181 280 317
 393 1 92 102 162 360 500
 394 43 375
 395 60 183 335
 396 20 21 26 38 131 294 358 365 471 474
 397 23 116 349 411 442
 398 85 123 258 330 493
 399 4 29 44 57 166 202 422 472 486
 400 21 26 120 131 211 308 471 474
 401 45 134 424
 402 83 137 145 156 237 244 251 254 361 448 490 491
 403 79 152 238 291 311 434
 404 22 96 103 252
 405 16 140 255
 406 337 351 456
 407 70 75 155 444 485
 408 184 212 220 232 274 441
 409 59 342 350
 410 141 207
 411 23 116 180 349 397 442
 412 176 259 266 313 353 383
 413 107 141 284
 414 29 52 166 422 472 486
 415 216 385 386
 416 22 71 307 433 438
 417 24 63 165 198 332 432 480
 418 60 429
 419 97 224 225 270 279 324 367 440
 420 7 170 175 203 321 467
 421 36 146 191 204 226 304
 422 29 57 166 399 414 472 486
 423 339
 424 45 134 401
 425 164 234 235 452 484
 426 178 210 219 245 283 371 372
 427 78 124 323 336 488
 428 297 374 380
 429 210 283 418
 430 66 325 378
 431 37 69 205 285 287 368
 432 24 63 165 198 332 417 479 480
 433 41 71 139 416
 434 2 79 130 291 311 403
 435 65 136 172 199 222 249 293 389
 436 74 87 329 455
 437 11 32 268 277 478 494
 438 193 340 416
 439 19 121 195 216
 440 97 196 224 261 324 367 419
 441 4 44 64 97 184 212 220 225 232 274 408
 442 23 116 349 397 411
 443 101 154 174 243 278 281
 444 15 75 112 130 155 407 485
 445 176 250 263 383 492
 446 27 77 112 138
 447 10 90 100 117 161 227 316 377 481
 448 62 137 145 156 237 244 251 254 361 402 490 491
 449 10 34 117 316 481
 450 5 36 93 95 146 191 204 231 304
 451 45 105
 452 164 235 425 484
 453 337
 454 59 152 352
 455 74 87 312 329 436
 456 43 260 267 351 364 375 406
 457 221 355
 458 14 194 228 241 468
 459 181 205 280 282 317
 460 1 28 153 162 233 344 345 360
 461 113 178 359 470 495
 462 9 256 479
 463 211
 464 119 199 200 293
 465 8 89 111 246 272 346 373 469
 466 182
 467 57 175 321 366 420 486
 468 14 46 194 228 248 458
 469 25 89 111 246 272 346 373 465
 470 178 288 461 483 495
 471 21 26 38 120 131 211 396 400 474
 472 29 57 166 202 399 414 422 486
 473 13 96 294 322 358
 474 20 21 26 38 115 131 211 294 358 365 396 400 471
 475 105 214 243
 476 139 303 326
 477 51 236 282 344 345
 478 11 32 277 437
 479 9 24 165 332 432 462
 480 24 63 85 198 332 417 432
 481 10 34 117 161 227 316 447 449
 482 80 221
 483 283 288 470
 484 164 234 235 289 425 452
 485 70 75 155 407 444
 486 29 57 166 399 414 422 467 472
 487 253 341
 488 124 171 427
 489 259 306 352 387 498
 490 83 137 145 156 237 244 251 254 361 402 448 491
 491 83 137 145 237 244 251 254 361 402 448 490
 492 250 263 445
 493 85 123 160 258 398
 494 32 114 248 268 275 277 437
 495 113 178 359 461 470
 496 6 8 246 265 302
 497 18 252 305 499
 498 152 238 259 306 489
 499 18 22 252 273 305 307 376 497
 500 1 28 102 360 393
